{
 "metadata": {
  "name": ""
 },
 "nbformat": 3,
 "nbformat_minor": 0,
 "worksheets": [
  {
   "cells": [
    {
     "cell_type": "code",
     "collapsed": false,
     "input": [
      "from dolfin import *\n",
      "\n",
      "#!/usr/bin/python\n",
      "import petsc4py\n",
      "import sys\n",
      "\n",
      "petsc4py.init(sys.argv)\n",
      "\n",
      "from petsc4py import PETSc\n",
      "import numpy as np"
     ],
     "language": "python",
     "metadata": {},
     "outputs": [],
     "prompt_number": 9
    },
    {
     "cell_type": "code",
     "collapsed": false,
     "input": [
      "nn = 2\n",
      "mesh = RectangleMesh(0, 0, 1, 1, nn, nn,'left')\n",
      "\n",
      "order  = 2\n",
      "Q = FunctionSpace(mesh, \"CG\", order)\n",
      "QQ = FunctionSpace(mesh, \"CG\", order-1)\n",
      "\n",
      "Qv = VectorFunctionSpace(mesh, \"CG\", order)\n",
      "mesh.num_vertices()"
     ],
     "language": "python",
     "metadata": {},
     "outputs": [
      {
       "output_type": "stream",
       "stream": "stderr",
       "text": [
        "DEBUG:UFL:No integrals left after transformation, returning empty form.\n"
       ]
      },
      {
       "output_type": "stream",
       "stream": "stderr",
       "text": [
        "DEBUG:FFC:Reusing form from cache.\n"
       ]
      },
      {
       "output_type": "stream",
       "stream": "stderr",
       "text": [
        "DEBUG:UFL:No integrals left after transformation, returning empty form.\n"
       ]
      },
      {
       "output_type": "stream",
       "stream": "stderr",
       "text": [
        "DEBUG:FFC:Reusing form from cache.\n"
       ]
      },
      {
       "output_type": "stream",
       "stream": "stderr",
       "text": [
        "DEBUG:UFL:No integrals left after transformation, returning empty form.\n"
       ]
      },
      {
       "output_type": "stream",
       "stream": "stderr",
       "text": [
        "DEBUG:FFC:Reusing form from cache.\n"
       ]
      },
      {
       "metadata": {},
       "output_type": "pyout",
       "prompt_number": 11,
       "text": [
        "9"
       ]
      }
     ],
     "prompt_number": 11
    },
    {
     "cell_type": "code",
     "collapsed": false,
     "input": [
      "u = Function(Q)\n",
      "N = FacetNormal(mesh)\n",
      "u.vector()[0] = 1\n"
     ],
     "language": "python",
     "metadata": {},
     "outputs": [
      {
       "ename": "NameError",
       "evalue": "name 'Q' is not defined",
       "output_type": "pyerr",
       "traceback": [
        "\u001b[1;31m---------------------------------------------------------------------------\u001b[0m\n\u001b[1;31mNameError\u001b[0m                                 Traceback (most recent call last)",
        "\u001b[1;32m<ipython-input-2-9b32b77c7c0d>\u001b[0m in \u001b[0;36m<module>\u001b[1;34m()\u001b[0m\n\u001b[1;32m----> 1\u001b[1;33m \u001b[0mu\u001b[0m \u001b[1;33m=\u001b[0m \u001b[0mFunction\u001b[0m\u001b[1;33m(\u001b[0m\u001b[0mQ\u001b[0m\u001b[1;33m)\u001b[0m\u001b[1;33m\u001b[0m\u001b[0m\n\u001b[0m\u001b[0;32m      2\u001b[0m \u001b[0mN\u001b[0m \u001b[1;33m=\u001b[0m \u001b[0mFacetNormal\u001b[0m\u001b[1;33m(\u001b[0m\u001b[0mmesh\u001b[0m\u001b[1;33m)\u001b[0m\u001b[1;33m\u001b[0m\u001b[0m\n\u001b[0;32m      3\u001b[0m \u001b[0mu\u001b[0m\u001b[1;33m.\u001b[0m\u001b[0mvector\u001b[0m\u001b[1;33m(\u001b[0m\u001b[1;33m)\u001b[0m\u001b[1;33m[\u001b[0m\u001b[1;36m0\u001b[0m\u001b[1;33m]\u001b[0m \u001b[1;33m=\u001b[0m \u001b[1;36m1\u001b[0m\u001b[1;33m\u001b[0m\u001b[0m\n",
        "\u001b[1;31mNameError\u001b[0m: name 'Q' is not defined"
       ]
      }
     ],
     "prompt_number": 2
    },
    {
     "cell_type": "code",
     "collapsed": false,
     "input": [
      "v = Vertex(mesh,14)\n",
      "Interior = BoundaryMesh(mesh,\"interior\")"
     ],
     "language": "python",
     "metadata": {},
     "outputs": [
      {
       "ename": "TypeError",
       "evalue": "in method 'new_Vertex', argument 1 of type 'dolfin::Mesh const &'",
       "output_type": "pyerr",
       "traceback": [
        "\u001b[1;31m---------------------------------------------------------------------------\u001b[0m\n\u001b[1;31mTypeError\u001b[0m                                 Traceback (most recent call last)",
        "\u001b[1;32m<ipython-input-3-a975ba5b577c>\u001b[0m in \u001b[0;36m<module>\u001b[1;34m()\u001b[0m\n\u001b[1;32m----> 1\u001b[1;33m \u001b[0mv\u001b[0m \u001b[1;33m=\u001b[0m \u001b[0mVertex\u001b[0m\u001b[1;33m(\u001b[0m\u001b[0mmesh\u001b[0m\u001b[1;33m,\u001b[0m\u001b[1;36m14\u001b[0m\u001b[1;33m)\u001b[0m\u001b[1;33m\u001b[0m\u001b[0m\n\u001b[0m\u001b[0;32m      2\u001b[0m \u001b[0mInterior\u001b[0m \u001b[1;33m=\u001b[0m \u001b[0mBoundaryMesh\u001b[0m\u001b[1;33m(\u001b[0m\u001b[0mmesh\u001b[0m\u001b[1;33m,\u001b[0m\u001b[1;34m\"interior\"\u001b[0m\u001b[1;33m)\u001b[0m\u001b[1;33m\u001b[0m\u001b[0m\n",
        "\u001b[1;32m/home/mwathen/Work/FEniCS/lib/python2.7/site-packages/dolfin/cpp/mesh.pyc\u001b[0m in \u001b[0;36m__init__\u001b[1;34m(self, *args)\u001b[0m\n\u001b[0;32m   2766\u001b[0m \u001b[1;33m\u001b[0m\u001b[0m\n\u001b[0;32m   2767\u001b[0m         \"\"\"\n\u001b[1;32m-> 2768\u001b[1;33m         \u001b[0m_mesh\u001b[0m\u001b[1;33m.\u001b[0m\u001b[0mVertex_swiginit\u001b[0m\u001b[1;33m(\u001b[0m\u001b[0mself\u001b[0m\u001b[1;33m,\u001b[0m\u001b[0m_mesh\u001b[0m\u001b[1;33m.\u001b[0m\u001b[0mnew_Vertex\u001b[0m\u001b[1;33m(\u001b[0m\u001b[1;33m*\u001b[0m\u001b[0margs\u001b[0m\u001b[1;33m)\u001b[0m\u001b[1;33m)\u001b[0m\u001b[1;33m\u001b[0m\u001b[0m\n\u001b[0m\u001b[0;32m   2769\u001b[0m     \u001b[0m__swig_destroy__\u001b[0m \u001b[1;33m=\u001b[0m \u001b[0m_mesh\u001b[0m\u001b[1;33m.\u001b[0m\u001b[0mdelete_Vertex\u001b[0m\u001b[1;33m\u001b[0m\u001b[0m\n\u001b[0;32m   2770\u001b[0m     \u001b[1;32mdef\u001b[0m \u001b[0mpoint\u001b[0m\u001b[1;33m(\u001b[0m\u001b[0mself\u001b[0m\u001b[1;33m,\u001b[0m \u001b[1;33m*\u001b[0m\u001b[0margs\u001b[0m\u001b[1;33m)\u001b[0m\u001b[1;33m:\u001b[0m\u001b[1;33m\u001b[0m\u001b[0m\n",
        "\u001b[1;31mTypeError\u001b[0m: in method 'new_Vertex', argument 1 of type 'dolfin::Mesh const &'"
       ]
      }
     ],
     "prompt_number": 3
    },
    {
     "cell_type": "code",
     "collapsed": false,
     "input": [
      "T = as_vector((N[1],-N[0]))\n",
      "import matplotlib.pylab as plt\n",
      "\n",
      "element = Q.dolfin_element()\n",
      "dofPerCell = (2*element.space_dimension()*element.value_dimension(0))\n",
      "def QuadMap(a,b,x):\n",
      "    y = (b-a)*x/2+(a+b)/2\n",
      "    return y\n",
      "print dofPerCell/2\n",
      "def isEven(number):\n",
      "        return number % 2 == 0\n",
      "mesh.cells()"
     ],
     "language": "python",
     "metadata": {},
     "outputs": [
      {
       "output_type": "stream",
       "stream": "stdout",
       "text": [
        "6\n"
       ]
      },
      {
       "metadata": {},
       "output_type": "pyout",
       "prompt_number": 11,
       "text": [
        "array([[0, 1, 3],\n",
        "       [1, 3, 4],\n",
        "       [1, 2, 4],\n",
        "       [2, 4, 5],\n",
        "       [3, 4, 6],\n",
        "       [4, 6, 7],\n",
        "       [4, 5, 7],\n",
        "       [5, 7, 8]], dtype=uint32)"
       ]
      }
     ],
     "prompt_number": 11
    },
    {
     "cell_type": "code",
     "collapsed": false,
     "input": [
      "# for cell in cells(mesh):\n",
      "cell = Cell(mesh,1)\n",
      "vc = cell.get_vertex_coordinates()\n",
      "AllCells = mesh.cells()\n",
      "cellIndex = AllCells[:,:][0]\n",
      "Coords = mesh.coordinates()\n",
      "\n",
      "if cell.orientation() == 0:\n",
      "    vc = np.concatenate((Coords[cellIndex[1]],Coords[cellIndex[2]],Coords[cellIndex[0]],Coords[cellIndex[1]]))\n",
      "    j = 0\n",
      "else:\n",
      "    vc = np.concatenate((Coords[cellIndex[0]],Coords[cellIndex[1]],Coords[cellIndex[2]],Coords[cellIndex[0]]))\n",
      "    j = 1\n",
      "    \n",
      "print cell.orientation()\n",
      "\n",
      "vc = vc.reshape((4,2))\n",
      "EvenPoint = np.sqrt(1.0/3)\n",
      "OddPoint = -np.sqrt(1.0/3)\n",
      "# vc = np.concatenate((vc[:,:],vc[0,:]))\n",
      "\n",
      "\n",
      "for i in range(0,dofPerCell/4):\n",
      "    if j == 3:\n",
      "        j = 0\n",
      "    x = QuadMap(vc[i,0],vc[i+1,0],EvenPoint)\n",
      "    y = QuadMap(vc[i,1],vc[i+1,1],EvenPoint)\n",
      "    print x,y\n",
      "    x = QuadMap(vc[i,0],vc[i+1,0],OddPoint)\n",
      "    y = QuadMap(vc[i,1],vc[i+1,1],OddPoint)\n",
      "    print x, y\n",
      "    n = cell.normal(j)\n",
      "    print n.x(),n.y()\n",
      "    j += 1\n",
      "    "
     ],
     "language": "python",
     "metadata": {},
     "outputs": [
      {
       "ename": "TypeError",
       "evalue": "in method 'new_Cell', argument 1 of type 'dolfin::Mesh const &'",
       "output_type": "pyerr",
       "traceback": [
        "\u001b[1;31m---------------------------------------------------------------------------\u001b[0m\n\u001b[1;31mTypeError\u001b[0m                                 Traceback (most recent call last)",
        "\u001b[1;32m<ipython-input-4-b720b6790b06>\u001b[0m in \u001b[0;36m<module>\u001b[1;34m()\u001b[0m\n\u001b[0;32m      1\u001b[0m \u001b[1;31m# for cell in cells(mesh):\u001b[0m\u001b[1;33m\u001b[0m\u001b[1;33m\u001b[0m\u001b[0m\n\u001b[1;32m----> 2\u001b[1;33m \u001b[0mcell\u001b[0m \u001b[1;33m=\u001b[0m \u001b[0mCell\u001b[0m\u001b[1;33m(\u001b[0m\u001b[0mmesh\u001b[0m\u001b[1;33m,\u001b[0m\u001b[1;36m1\u001b[0m\u001b[1;33m)\u001b[0m\u001b[1;33m\u001b[0m\u001b[0m\n\u001b[0m\u001b[0;32m      3\u001b[0m \u001b[0mvc\u001b[0m \u001b[1;33m=\u001b[0m \u001b[0mcell\u001b[0m\u001b[1;33m.\u001b[0m\u001b[0mget_vertex_coordinates\u001b[0m\u001b[1;33m(\u001b[0m\u001b[1;33m)\u001b[0m\u001b[1;33m\u001b[0m\u001b[0m\n\u001b[0;32m      4\u001b[0m \u001b[0mAllCells\u001b[0m \u001b[1;33m=\u001b[0m \u001b[0mmesh\u001b[0m\u001b[1;33m.\u001b[0m\u001b[0mcells\u001b[0m\u001b[1;33m(\u001b[0m\u001b[1;33m)\u001b[0m\u001b[1;33m\u001b[0m\u001b[0m\n\u001b[0;32m      5\u001b[0m \u001b[0mcellIndex\u001b[0m \u001b[1;33m=\u001b[0m \u001b[0mAllCells\u001b[0m\u001b[1;33m[\u001b[0m\u001b[1;33m:\u001b[0m\u001b[1;33m,\u001b[0m\u001b[1;33m:\u001b[0m\u001b[1;33m]\u001b[0m\u001b[1;33m[\u001b[0m\u001b[1;36m0\u001b[0m\u001b[1;33m]\u001b[0m\u001b[1;33m\u001b[0m\u001b[0m\n",
        "\u001b[1;32m/home/mwathen/Work/FEniCS/lib/python2.7/site-packages/dolfin/cpp/mesh.pyc\u001b[0m in \u001b[0;36m__init__\u001b[1;34m(self, *args)\u001b[0m\n\u001b[0;32m   2991\u001b[0m \u001b[1;33m\u001b[0m\u001b[0m\n\u001b[0;32m   2992\u001b[0m         \"\"\"\n\u001b[1;32m-> 2993\u001b[1;33m         \u001b[0m_mesh\u001b[0m\u001b[1;33m.\u001b[0m\u001b[0mCell_swiginit\u001b[0m\u001b[1;33m(\u001b[0m\u001b[0mself\u001b[0m\u001b[1;33m,\u001b[0m\u001b[0m_mesh\u001b[0m\u001b[1;33m.\u001b[0m\u001b[0mnew_Cell\u001b[0m\u001b[1;33m(\u001b[0m\u001b[1;33m*\u001b[0m\u001b[0margs\u001b[0m\u001b[1;33m)\u001b[0m\u001b[1;33m)\u001b[0m\u001b[1;33m\u001b[0m\u001b[0m\n\u001b[0m\u001b[0;32m   2994\u001b[0m     \u001b[0m__swig_destroy__\u001b[0m \u001b[1;33m=\u001b[0m \u001b[0m_mesh\u001b[0m\u001b[1;33m.\u001b[0m\u001b[0mdelete_Cell\u001b[0m\u001b[1;33m\u001b[0m\u001b[0m\n\u001b[0;32m   2995\u001b[0m     \u001b[1;32mdef\u001b[0m \u001b[0mtype\u001b[0m\u001b[1;33m(\u001b[0m\u001b[0mself\u001b[0m\u001b[1;33m,\u001b[0m \u001b[1;33m*\u001b[0m\u001b[0margs\u001b[0m\u001b[1;33m)\u001b[0m\u001b[1;33m:\u001b[0m\u001b[1;33m\u001b[0m\u001b[0m\n",
        "\u001b[1;31mTypeError\u001b[0m: in method 'new_Cell', argument 1 of type 'dolfin::Mesh const &'"
       ]
      }
     ],
     "prompt_number": 4
    },
    {
     "cell_type": "code",
     "collapsed": false,
     "input": [
      "cellIndex"
     ],
     "language": "python",
     "metadata": {},
     "outputs": [
      {
       "metadata": {},
       "output_type": "pyout",
       "prompt_number": 588,
       "text": [
        "array([0, 1, 3], dtype=uint32)"
       ]
      }
     ],
     "prompt_number": 588
    },
    {
     "cell_type": "code",
     "collapsed": false,
     "input": [
      "cell = Cell(mesh,0)\n",
      "n = cell.normal(2)\n",
      "print n.x(),n.y()\n",
      "cell.normal(0,0)\n",
      "project?"
     ],
     "language": "python",
     "metadata": {},
     "outputs": [
      {
       "output_type": "stream",
       "stream": "stdout",
       "text": [
        "0.0 -1.0\n"
       ]
      }
     ],
     "prompt_number": 559
    },
    {
     "cell_type": "code",
     "collapsed": false,
     "input": [
      "Magnetic = FunctionSpace(mesh, \"N2curl\", order)\n",
      "(u) = TrialFunction(Magnetic)\n",
      "(v) = TestFunction(Magnetic)\n",
      "m = inner(u, v)*dx"
     ],
     "language": "python",
     "metadata": {},
     "outputs": [
      {
       "output_type": "stream",
       "stream": "stderr",
       "text": [
        "DEBUG:UFL:No integrals left after transformation, returning empty form.\n"
       ]
      },
      {
       "output_type": "stream",
       "stream": "stderr",
       "text": [
        "DEBUG:FFC:Reusing form from cache.\n"
       ]
      }
     ],
     "prompt_number": 13
    },
    {
     "cell_type": "code",
     "collapsed": false,
     "input": [
      "M = assemble(m)\n",
      "plt.spy(M.array())\n",
      "plt.show()"
     ],
     "language": "python",
     "metadata": {},
     "outputs": [
      {
       "output_type": "stream",
       "stream": "stderr",
       "text": [
        "DEBUG:FFC:Reusing form from cache.\n"
       ]
      }
     ],
     "prompt_number": 19
    },
    {
     "cell_type": "code",
     "collapsed": false,
     "input": [
      "u = Function(Q)\n",
      "zero = np.zeros((Q.dim(),1))[:,0]\n",
      "zero[0] = 1\n",
      "u.vector()[:] = zero\n",
      "parameters['linear_algebra_backend'] = 'uBLAS'\n",
      "uu = grad(u)\n",
      "Pv = project(uu,Magnetic,solver_type = \"lu\")\n",
      "Pv= Pv.vector()"
     ],
     "language": "python",
     "metadata": {},
     "outputs": [
      {
       "output_type": "stream",
       "stream": "stderr",
       "text": [
        "DEBUG:UFL:No integrals left after transformation, returning empty form.\n"
       ]
      },
      {
       "output_type": "stream",
       "stream": "stderr",
       "text": [
        "DEBUG:UFL:No integrals left after transformation, returning empty form.\n"
       ]
      },
      {
       "output_type": "stream",
       "stream": "stderr",
       "text": [
        "DEBUG:FFC:Reusing form from cache.\n"
       ]
      },
      {
       "output_type": "stream",
       "stream": "stderr",
       "text": [
        "DEBUG:UFL:No integrals left after transformation, returning empty form.\n"
       ]
      },
      {
       "output_type": "stream",
       "stream": "stderr",
       "text": [
        "DEBUG:FFC:Reusing form from cache.\n"
       ]
      }
     ],
     "prompt_number": 69
    },
    {
     "cell_type": "code",
     "collapsed": false,
     "input": [
      "P = VectorSpaceBasis([Pv])"
     ],
     "language": "python",
     "metadata": {},
     "outputs": [
      {
       "metadata": {},
       "output_type": "pyout",
       "prompt_number": 75,
       "text": [
        "<dolfin.cpp.la.VectorSpaceBasis; proxy of <Swig Object of type 'dolfin::VectorSpaceBasis *' at 0x494a270> >"
       ]
      }
     ],
     "prompt_number": 75
    },
    {
     "cell_type": "code",
     "collapsed": false,
     "input": [
      "Magnetic = FunctionSpace(mesh,\"N1curl\",order)\n",
      "(u) = TrialFunction(Magnetic)\n",
      "(v) = TestFunction(Magnetic)\n",
      "Curl = assemble(inner(curl(u),curl(v))*dx)\n",
      "uele=Magnetic.ufl_element()\n",
      "dele = Magnetic.dolfin_element()"
     ],
     "language": "python",
     "metadata": {},
     "outputs": [
      {
       "output_type": "stream",
       "stream": "stderr",
       "text": [
        "DEBUG:UFL:No integrals left after transformation, returning empty form.\n"
       ]
      },
      {
       "output_type": "stream",
       "stream": "stderr",
       "text": [
        "DEBUG:FFC:Reusing form from cache.\n"
       ]
      },
      {
       "output_type": "stream",
       "stream": "stderr",
       "text": [
        "DEBUG:UFL:No integrals left after transformation, returning empty form.\n"
       ]
      },
      {
       "output_type": "stream",
       "stream": "stderr",
       "text": [
        "DEBUG:UFL:No integrals left after transformation, returning empty form.\n"
       ]
      },
      {
       "output_type": "stream",
       "stream": "stderr",
       "text": [
        "DEBUG:FFC:Reusing form from cache.\n"
       ]
      }
     ],
     "prompt_number": 20
    },
    {
     "cell_type": "code",
     "collapsed": false,
     "input": [
      "import dolfin"
     ],
     "language": "python",
     "metadata": {},
     "outputs": [],
     "prompt_number": 104
    },
    {
     "cell_type": "code",
     "collapsed": false,
     "input": [
      "(u) = Function(Q)\n",
      "(v) = TrialFunction(Q)\n",
      "zero = np.zeros((Q.dim(),1))[:,0]\n",
      "zero[12] = 1\n",
      "u.vector()[:] = zero\n",
      "N = FacetNormal(mesh)\n",
      "A = assemble(inner(grad(u),N)*v*dx)"
     ],
     "language": "python",
     "metadata": {},
     "outputs": [
      {
       "output_type": "stream",
       "stream": "stderr",
       "text": [
        "DEBUG:UFL:No integrals left after transformation, returning empty form.\n"
       ]
      },
      {
       "output_type": "stream",
       "stream": "stdout",
       "text": [
        "Calling FFC just-in-time (JIT) compiler, this may take some time.\n"
       ]
      },
      {
       "output_type": "stream",
       "stream": "stderr",
       "text": [
        "Level 25:FFC:Calling FFC just-in-time (JIT) compiler, this may take some time.\n"
       ]
      },
      {
       "output_type": "stream",
       "stream": "stderr",
       "text": [
        "INFO:FFC:Compiling form ffc_form_1f978917e0c15293e6c478f755ff21e0fbf499b5\n",
        "\n"
       ]
      },
      {
       "output_type": "stream",
       "stream": "stderr",
       "text": [
        "INFO:FFC:Compiler stage 1: Analyzing form(s)\n"
       ]
      },
      {
       "output_type": "stream",
       "stream": "stderr",
       "text": [
        "INFO:FFC:-----------------------------------\n"
       ]
      },
      {
       "output_type": "stream",
       "stream": "stderr",
       "text": [
        "INFO:FFC:  \n"
       ]
      },
      {
       "output_type": "stream",
       "stream": "stderr",
       "text": [
        "INFO:FFC:  Name:                   ''\n",
        "  Cell:                   <triangle cell in 2D>\n",
        "  Topological dimension:  2\n",
        "  Geometric dimension:    2\n",
        "  Rank:                   1\n",
        "  Number of coefficients: 1\n",
        "  Arguments:              '[v_{-1}]'\n",
        "  Coefficients:           '[f_18]'\n",
        "  Argument names:         '[v0]'\n",
        "  Coefficient names:      '[w0]'\n",
        "  Unique elements:        'CG2(?)'\n",
        "  Unique sub elements:    'CG2(?)'\n",
        "  Domains:                (Domain(Cell('triangle', 2), 'triangle_multiverse', 2, 2),\n",
        "                          )\n",
        "  Top level domains:      (Domain(Cell('triangle', 2), 'triangle_multiverse', 2, 2),\n",
        "                          )\n",
        "  \n"
       ]
      },
      {
       "output_type": "stream",
       "stream": "stderr",
       "text": [
        "INFO:FFC:  Extracting monomial form representation from UFL form\n"
       ]
      },
      {
       "output_type": "stream",
       "stream": "stderr",
       "text": [
        "DEBUG:FFC:  Monomial extraction failed: No handler defined for terminal FacetNormal.\n"
       ]
      },
      {
       "output_type": "stream",
       "stream": "stderr",
       "text": [
        "DEBUG:FFC:  Estimated cost of tensor representation: -1\n"
       ]
      },
      {
       "output_type": "stream",
       "stream": "stderr",
       "text": [
        "INFO:FFC:  representation:    auto --> quadrature\n"
       ]
      },
      {
       "output_type": "stream",
       "stream": "stderr",
       "text": [
        "DEBUG:FFC:  Selecting quadrature degree based on total polynomial degree of integrand: 3\n"
       ]
      },
      {
       "output_type": "stream",
       "stream": "stderr",
       "text": [
        "INFO:FFC:  quadrature_degree: auto --> 3\n"
       ]
      },
      {
       "output_type": "stream",
       "stream": "stderr",
       "text": [
        "INFO:FFC:  quadrature_rule:   auto --> default\n"
       ]
      },
      {
       "output_type": "stream",
       "stream": "stderr",
       "text": [
        "INFO:FFC:  \n"
       ]
      },
      {
       "output_type": "stream",
       "stream": "stderr",
       "text": [
        "INFO:FFC:Compiler stage 1 finished in 0.003721 seconds.\n",
        "\n"
       ]
      },
      {
       "output_type": "stream",
       "stream": "stderr",
       "text": [
        "INFO:FFC:Compiler stage 2: Computing intermediate representation\n"
       ]
      },
      {
       "output_type": "stream",
       "stream": "stderr",
       "text": [
        "INFO:FFC:-------------------------------------------------------\n"
       ]
      },
      {
       "output_type": "stream",
       "stream": "stderr",
       "text": [
        "INFO:FFC:  Computing representation of 1 elements\n"
       ]
      },
      {
       "output_type": "stream",
       "stream": "stderr",
       "text": [
        "DEBUG:FFC:  Reusing element from cache\n"
       ]
      },
      {
       "output_type": "stream",
       "stream": "stderr",
       "text": [
        "DEBUG:FFC:  Reusing element from cache\n"
       ]
      },
      {
       "output_type": "stream",
       "stream": "stderr",
       "text": [
        "INFO:FFC:  Computing representation of 1 dofmaps\n"
       ]
      },
      {
       "output_type": "stream",
       "stream": "stderr",
       "text": [
        "DEBUG:FFC:  Reusing element from cache\n"
       ]
      },
      {
       "output_type": "stream",
       "stream": "stderr",
       "text": [
        "INFO:FFC:  Computing representation of integrals\n"
       ]
      },
      {
       "output_type": "stream",
       "stream": "stderr",
       "text": [
        "INFO:FFC:  Computing quadrature representation\n"
       ]
      },
      {
       "output_type": "stream",
       "stream": "stderr",
       "text": [
        "DEBUG:FFC:  Reusing element from cache\n"
       ]
      },
      {
       "output_type": "stream",
       "stream": "stderr",
       "text": [
        "DEBUG:FFC:  Reusing element from cache\n"
       ]
      },
      {
       "output_type": "stream",
       "stream": "stderr",
       "text": [
        "DEBUG:FFC:  Reusing element from cache\n"
       ]
      },
      {
       "output_type": "stream",
       "stream": "stderr",
       "text": [
        "DEBUG:FFC:  \n",
        "  QG-utils, psi_tables:\n",
        "  {6: {FiniteElement('Lagrange', Domain(Cell('triangle', 2), 'triangle_multiverse', 2, 2), 2, None): {None: {None: {(0, 1): array([[0.56384396370849277, 0.072266525787876734, 0.56384396370849243,\n",
        "          -1.6361104894963669, 0.072266525787876068, -1.6361104894963674],\n",
        "         [8.3266726846886741e-17, -1.1102230246251565e-16,\n",
        "          -1.6653345369377348e-16, -1.1102230246251565e-16,\n",
        "          -5.5511151231257827e-17, -1.3877787807814457e-16],\n",
        "         [-0.072266525787875513, -0.56384396370849144, 1.6361104894963674,\n",
        "          -0.56384396370849144, 1.6361104894963674, -0.072266525787875735],\n",
        "         [2.6361104894963665, 2.6361104894963665, 0.92773347421212327,\n",
        "          0.92773347421212304, 0.43615603629150668, 0.43615603629150723],\n",
        "         [-0.49157743792061637, 0.49157743792061592, -2.1999544532048594,\n",
        "          2.1999544532048594, -1.7083770152842432, 1.7083770152842432],\n",
        "         [-2.6361104894963674, -2.6361104894963674, -0.92773347421212338,\n",
        "          -0.9277334742121236, -0.43615603629150701, -0.43615603629150695]], dtype=object), (1, 0): array([[0.56384396370849266, 0.072266525787876401, 0.56384396370849277,\n",
        "          -1.6361104894963672, 0.07226652578787629, -1.6361104894963676],\n",
        "         [1.6361104894963678, 1.6361104894963676, -0.072266525787876068,\n",
        "          -0.072266525787876124, -0.56384396370849255, -0.56384396370849243],\n",
        "         [0.0, 0.0, 0.0, 0.0, 0.0, 0.0],\n",
        "         [0.92773347421212327, 0.43615603629150695, 2.6361104894963661,\n",
        "          0.43615603629150695, 2.6361104894963661, 0.92773347421212327],\n",
        "         [-0.92773347421212327, -0.43615603629150695, -2.6361104894963661,\n",
        "          -0.43615603629150695, -2.6361104894963661, -0.92773347421212327],\n",
        "         [-2.1999544532048607, -1.7083770152842441, -0.49157743792061698,\n",
        "          1.7083770152842432, 0.49157743792061592, 2.1999544532048598]], dtype=object), (0, 0): array([[-0.08525999807368706, -0.12434719365631873, -0.085259998073687046,\n",
        "          0.20960719173000564, -0.12434719365631869, 0.20960719173000567],\n",
        "         [0.20960719173000553, 0.20960719173000553, -0.12434719365631877,\n",
        "          -0.12434719365631874, -0.08525999807368706, -0.08525999807368706],\n",
        "         [-0.1243471936563187, -0.08525999807368706, 0.20960719173000567,\n",
        "          -0.08525999807368706, 0.20960719173000567, -0.1243471936563187],\n",
        "         [0.61140198570687188, 0.28743887558130055, 0.61140198570687188,\n",
        "          0.10115913871182745, 0.28743887558130055, 0.10115913871182744],\n",
        "         [0.10115913871182744, 0.10115913871182741, 0.2874388755813006,\n",
        "          0.28743887558130055, 0.61140198570687199, 0.61140198570687188],\n",
        "         [0.28743887558130055, 0.61140198570687199, 0.10115913871182744,\n",
        "          0.61140198570687199, 0.10115913871182744, 0.28743887558130055]], dtype=object)}}}}}\n"
       ]
      },
      {
       "output_type": "stream",
       "stream": "stderr",
       "text": [
        "DEBUG:FFC:  \n",
        "  QG-utils, psi_tables, flat_tables:\n",
        "  {'FE0_D10': array([[0.56384396370849266, 1.6361104894963678, 0.0, 0.92773347421212327,\n",
        "          -0.92773347421212327, -2.1999544532048607],\n",
        "         [0.072266525787876401, 1.6361104894963676, 0.0, 0.43615603629150695,\n",
        "          -0.43615603629150695, -1.7083770152842441],\n",
        "         [0.56384396370849277, -0.072266525787876068, 0.0,\n",
        "          2.6361104894963661, -2.6361104894963661, -0.49157743792061698],\n",
        "         [-1.6361104894963672, -0.072266525787876124, 0.0,\n",
        "          0.43615603629150695, -0.43615603629150695, 1.7083770152842432],\n",
        "         [0.07226652578787629, -0.56384396370849255, 0.0, 2.6361104894963661,\n",
        "          -2.6361104894963661, 0.49157743792061592],\n",
        "         [-1.6361104894963676, -0.56384396370849243, 0.0,\n",
        "          0.92773347421212327, -0.92773347421212327, 2.1999544532048598]], dtype=object), 'FE0_D01': array([[0.56384396370849277, 8.3266726846886741e-17, -0.072266525787875513,\n",
        "          2.6361104894963665, -0.49157743792061637, -2.6361104894963674],\n",
        "         [0.072266525787876734, -1.1102230246251565e-16,\n",
        "          -0.56384396370849144, 2.6361104894963665, 0.49157743792061592,\n",
        "          -2.6361104894963674],\n",
        "         [0.56384396370849243, -1.6653345369377348e-16, 1.6361104894963674,\n",
        "          0.92773347421212327, -2.1999544532048594, -0.92773347421212338],\n",
        "         [-1.6361104894963669, -1.1102230246251565e-16, -0.56384396370849144,\n",
        "          0.92773347421212304, 2.1999544532048594, -0.9277334742121236],\n",
        "         [0.072266525787876068, -5.5511151231257827e-17, 1.6361104894963674,\n",
        "          0.43615603629150668, -1.7083770152842432, -0.43615603629150701],\n",
        "         [-1.6361104894963674, -1.3877787807814457e-16,\n",
        "          -0.072266525787875735, 0.43615603629150723, 1.7083770152842432,\n",
        "          -0.43615603629150695]], dtype=object), 'FE0': array([[-0.08525999807368706, 0.20960719173000553, -0.1243471936563187,\n",
        "          0.61140198570687188, 0.10115913871182744, 0.28743887558130055],\n",
        "         [-0.12434719365631873, 0.20960719173000553, -0.08525999807368706,\n",
        "          0.28743887558130055, 0.10115913871182741, 0.61140198570687199],\n",
        "         [-0.085259998073687046, -0.12434719365631877, 0.20960719173000567,\n",
        "          0.61140198570687188, 0.2874388755813006, 0.10115913871182744],\n",
        "         [0.20960719173000564, -0.12434719365631874, -0.08525999807368706,\n",
        "          0.10115913871182745, 0.28743887558130055, 0.61140198570687199],\n",
        "         [-0.12434719365631869, -0.08525999807368706, 0.20960719173000567,\n",
        "          0.28743887558130055, 0.61140198570687199, 0.10115913871182744],\n",
        "         [0.20960719173000567, -0.08525999807368706, -0.1243471936563187,\n",
        "          0.10115913871182744, 0.61140198570687188, 0.28743887558130055]], dtype=object)}\n"
       ]
      },
      {
       "output_type": "stream",
       "stream": "stderr",
       "text": [
        "DEBUG:FFC:  \n",
        "  tables: {'FE0_D10': array([[0.56384396370849266, 1.6361104894963678, 0.0, 0.92773347421212327,\n",
        "          -0.92773347421212327, -2.1999544532048607],\n",
        "         [0.072266525787876401, 1.6361104894963676, 0.0, 0.43615603629150695,\n",
        "          -0.43615603629150695, -1.7083770152842441],\n",
        "         [0.56384396370849277, -0.072266525787876068, 0.0,\n",
        "          2.6361104894963661, -2.6361104894963661, -0.49157743792061698],\n",
        "         [-1.6361104894963672, -0.072266525787876124, 0.0,\n",
        "          0.43615603629150695, -0.43615603629150695, 1.7083770152842432],\n",
        "         [0.07226652578787629, -0.56384396370849255, 0.0, 2.6361104894963661,\n",
        "          -2.6361104894963661, 0.49157743792061592],\n",
        "         [-1.6361104894963676, -0.56384396370849243, 0.0,\n",
        "          0.92773347421212327, -0.92773347421212327, 2.1999544532048598]], dtype=object), 'FE0_D01': array([[0.56384396370849277, 8.3266726846886741e-17, -0.072266525787875513,\n",
        "          2.6361104894963665, -0.49157743792061637, -2.6361104894963674],\n",
        "         [0.072266525787876734, -1.1102230246251565e-16,\n",
        "          -0.56384396370849144, 2.6361104894963665, 0.49157743792061592,\n",
        "          -2.6361104894963674],\n",
        "         [0.56384396370849243, -1.6653345369377348e-16, 1.6361104894963674,\n",
        "          0.92773347421212327, -2.1999544532048594, -0.92773347421212338],\n",
        "         [-1.6361104894963669, -1.1102230246251565e-16, -0.56384396370849144,\n",
        "          0.92773347421212304, 2.1999544532048594, -0.9277334742121236],\n",
        "         [0.072266525787876068, -5.5511151231257827e-17, 1.6361104894963674,\n",
        "          0.43615603629150668, -1.7083770152842432, -0.43615603629150701],\n",
        "         [-1.6361104894963674, -1.3877787807814457e-16,\n",
        "          -0.072266525787875735, 0.43615603629150723, 1.7083770152842432,\n",
        "          -0.43615603629150695]], dtype=object), 'FE0': array([[-0.08525999807368706, 0.20960719173000553, -0.1243471936563187,\n",
        "          0.61140198570687188, 0.10115913871182744, 0.28743887558130055],\n",
        "         [-0.12434719365631873, 0.20960719173000553, -0.08525999807368706,\n",
        "          0.28743887558130055, 0.10115913871182741, 0.61140198570687199],\n",
        "         [-0.085259998073687046, -0.12434719365631877, 0.20960719173000567,\n",
        "          0.61140198570687188, 0.2874388755813006, 0.10115913871182744],\n",
        "         [0.20960719173000564, -0.12434719365631874, -0.08525999807368706,\n",
        "          0.10115913871182745, 0.28743887558130055, 0.61140198570687199],\n",
        "         [-0.12434719365631869, -0.08525999807368706, 0.20960719173000567,\n",
        "          0.28743887558130055, 0.61140198570687199, 0.10115913871182744],\n",
        "         [0.20960719173000567, -0.08525999807368706, -0.1243471936563187,\n",
        "          0.10115913871182744, 0.61140198570687188, 0.28743887558130055]], dtype=object)}\n"
       ]
      },
      {
       "output_type": "stream",
       "stream": "stderr",
       "text": [
        "DEBUG:FFC:  \n",
        "  name_map: {}\n"
       ]
      },
      {
       "output_type": "stream",
       "stream": "stderr",
       "text": [
        "DEBUG:FFC:  \n",
        "  inv_name_map: {'FE0_D10': 'FE0_D10', 'FE0_D01': 'FE0_D01', 'FE0': 'FE0'}\n"
       ]
      },
      {
       "output_type": "stream",
       "stream": "stderr",
       "text": [
        "DEBUG:FFC:  \n",
        "  QG-utils, psi_tables, unique_tables:\n",
        "  {'FE0_D10': array([[0.56384396370849266, 1.6361104894963678, 0, 0.92773347421212327,\n",
        "          -0.92773347421212327, -2.1999544532048607],\n",
        "         [0.072266525787876401, 1.6361104894963676, 0, 0.43615603629150695,\n",
        "          -0.43615603629150695, -1.7083770152842441],\n",
        "         [0.56384396370849277, -0.072266525787876068, 0, 2.6361104894963661,\n",
        "          -2.6361104894963661, -0.49157743792061698],\n",
        "         [-1.6361104894963672, -0.072266525787876124, 0, 0.43615603629150695,\n",
        "          -0.43615603629150695, 1.7083770152842432],\n",
        "         [0.07226652578787629, -0.56384396370849255, 0, 2.6361104894963661,\n",
        "          -2.6361104894963661, 0.49157743792061592],\n",
        "         [-1.6361104894963676, -0.56384396370849243, 0, 0.92773347421212327,\n",
        "          -0.92773347421212327, 2.1999544532048598]], dtype=object), 'FE0_D01': array([[0.56384396370849277, 0, -0.072266525787875513, 2.6361104894963665,\n",
        "          -0.49157743792061637, -2.6361104894963674],\n",
        "         [0.072266525787876734, 0, -0.56384396370849144, 2.6361104894963665,\n",
        "          0.49157743792061592, -2.6361104894963674],\n",
        "         [0.56384396370849243, 0, 1.6361104894963674, 0.92773347421212327,\n",
        "          -2.1999544532048594, -0.92773347421212338],\n",
        "         [-1.6361104894963669, 0, -0.56384396370849144, 0.92773347421212304,\n",
        "          2.1999544532048594, -0.9277334742121236],\n",
        "         [0.072266525787876068, 0, 1.6361104894963674, 0.43615603629150668,\n",
        "          -1.7083770152842432, -0.43615603629150701],\n",
        "         [-1.6361104894963674, 0, -0.072266525787875735, 0.43615603629150723,\n",
        "          1.7083770152842432, -0.43615603629150695]], dtype=object), 'FE0': array([[-0.08525999807368706, 0.20960719173000553, -0.1243471936563187,\n",
        "          0.61140198570687188, 0.10115913871182744, 0.28743887558130055],\n",
        "         [-0.12434719365631873, 0.20960719173000553, -0.08525999807368706,\n",
        "          0.28743887558130055, 0.10115913871182741, 0.61140198570687199],\n",
        "         [-0.085259998073687046, -0.12434719365631877, 0.20960719173000567,\n",
        "          0.61140198570687188, 0.2874388755813006, 0.10115913871182744],\n",
        "         [0.20960719173000564, -0.12434719365631874, -0.08525999807368706,\n",
        "          0.10115913871182745, 0.28743887558130055, 0.61140198570687199],\n",
        "         [-0.12434719365631869, -0.08525999807368706, 0.20960719173000567,\n",
        "          0.28743887558130055, 0.61140198570687199, 0.10115913871182744],\n",
        "         [0.20960719173000567, -0.08525999807368706, -0.1243471936563187,\n",
        "          0.10115913871182744, 0.61140198570687188, 0.28743887558130055]], dtype=object)}\n"
       ]
      },
      {
       "output_type": "stream",
       "stream": "stderr",
       "text": [
        "DEBUG:FFC:  \n",
        "  QG-utils, psi_tables, name_map:\n",
        "  {'FE0_D10': ('FE0_D10', (), False, False), 'FE0_D01': ('FE0_D01', (), False, False), 'FE0': ('FE0', (), False, False)}\n"
       ]
      },
      {
       "output_type": "stream",
       "stream": "stderr",
       "text": [
        "INFO:FFC:  Transforming cell integral\n"
       ]
      },
      {
       "output_type": "stream",
       "stream": "stderr",
       "text": [
        "DEBUG:FFC:  Reusing element from cache\n"
       ]
      },
      {
       "output_type": "stream",
       "stream": "stderr",
       "text": [
        "DEBUG:FFC:  Reusing element from cache\n"
       ]
      },
      {
       "output_type": "stream",
       "stream": "stderr",
       "text": [
        "DEBUG:FFC:  Reusing element from cache\n"
       ]
      },
      {
       "output_type": "stream",
       "stream": "stderr",
       "text": [
        "DEBUG:FFC:  Reusing element from cache\n"
       ]
      },
      {
       "output_type": "stream",
       "stream": "stderr",
       "text": [
        "DEBUG:FFC:  Reusing element from cache\n"
       ]
      },
      {
       "output_type": "stream",
       "stream": "stderr",
       "text": [
        "DEBUG:FFC:  Reusing element from cache\n"
       ]
      },
      {
       "output_type": "stream",
       "stream": "stderr",
       "text": [
        "INFO:FFC:  Computing representation of forms\n"
       ]
      },
      {
       "output_type": "stream",
       "stream": "stderr",
       "text": [
        "INFO:FFC:  \n"
       ]
      },
      {
       "output_type": "stream",
       "stream": "stderr",
       "text": [
        "INFO:FFC:Compiler stage 2 finished in 0.016253 seconds.\n",
        "\n"
       ]
      },
      {
       "output_type": "stream",
       "stream": "stderr",
       "text": [
        "INFO:FFC:Compiler stage 3: Optimizing intermediate representation\n"
       ]
      },
      {
       "output_type": "stream",
       "stream": "stderr",
       "text": [
        "INFO:FFC:--------------------------------------------------------\n"
       ]
      },
      {
       "output_type": "stream",
       "stream": "stderr",
       "text": [
        "INFO:FFC:  Skipping optimizations, add -O to optimize\n"
       ]
      },
      {
       "output_type": "stream",
       "stream": "stderr",
       "text": [
        "INFO:FFC:  \n"
       ]
      },
      {
       "output_type": "stream",
       "stream": "stderr",
       "text": [
        "INFO:FFC:Compiler stage 3 finished in 0.00115991 seconds.\n",
        "\n"
       ]
      },
      {
       "output_type": "stream",
       "stream": "stderr",
       "text": [
        "INFO:FFC:Compiler stage 4: Generating code\n"
       ]
      },
      {
       "output_type": "stream",
       "stream": "stderr",
       "text": [
        "INFO:FFC:---------------------------------\n"
       ]
      },
      {
       "output_type": "stream",
       "stream": "stderr",
       "text": [
        "INFO:FFC:  Generating code for 1 element(s)\n"
       ]
      },
      {
       "output_type": "stream",
       "stream": "stderr",
       "text": [
        "DEBUG:FFC:  Removing unused variable: tmp7\n"
       ]
      },
      {
       "output_type": "stream",
       "stream": "stderr",
       "text": [
        "DEBUG:FFC:  Removing unused variable: tmp6\n"
       ]
      },
      {
