#pragma once
#include <fstream>
using namespace std;

class STENCIL
{
public:
	int nel, lw;
	double AK[6][6][6];
	double BK[6][4][6];
	double MK[6][6][6];
	double LK[6][4][4];
	//double N[6][5][6][3];
	double N[6][1][6][3];
	double QK[6][4][4];

	STENCIL(void) 
	{
		nel = 6;
		//lw = 5;
		lw = 1;

		double _AK[6][6][6] =
			{
			{{1, 0.33333333333333331, -0.66666666666666663, -0.66666666666666663, 0.33333333333333331, 0.33333333333333331 },
			{0.33333333333333331, 0.33333333333333331, -0, -0.33333333333333331, -0, -0 },
			{-0.66666666666666663, -0, 0.66666666666666663, 0.33333333333333331, -0.33333333333333331, -0.33333333333333331 },
			{-0.66666666666666663, -0.33333333333333331, 0.33333333333333331, 0.66666666666666663, -0, -0.33333333333333331 },
			{0.33333333333333331, -0, -0.33333333333333331, -0, 0.33333333333333331, 0 },
			{0.33333333333333331, -0, -0.33333333333333331, -0.33333333333333331, 0, 0.33333333333333331 }
			},
			{{0.66666666666666663, -0.66666666666666663, -0, -0.33333333333333331, -0.33333333333333331, 0.33333333333333331 },
			{-0.66666666666666663, 1, 0.33333333333333331, 0.66666666666666663, -0, -0.33333333333333331 },
			{-0, 0.33333333333333331, 0.33333333333333331, 0.33333333333333331, -0.33333333333333331, -0 },
			{-0.33333333333333331, 0.66666666666666663, 0.33333333333333331, 0.66666666666666663, -0.33333333333333331, 0 },
			{-0.33333333333333331, -0, -0.33333333333333331, -0.33333333333333331, 0.66666666666666663, -0.33333333333333331 },
			{0.33333333333333331, -0.33333333333333331, -0, 0, -0.33333333333333331, 0.33333333333333331 }
			},
			{{1, -0.66666666666666663, 0.33333333333333331, 0.33333333333333331, -0.66666666666666663, 0.33333333333333331 },
			{-0.66666666666666663, 0.66666666666666663, -0, -0.33333333333333331, 0.33333333333333331, -0.33333333333333331 },
			{0.33333333333333331, -0, 0.33333333333333331, -0, -0.33333333333333331, 0 },
			{0.33333333333333331, -0.33333333333333331, -0, 0.33333333333333331, -0, -0 },
			{-0.66666666666666663, 0.33333333333333331, -0.33333333333333331, -0, 0.66666666666666663, -0.33333333333333331 },
			{0.33333333333333331, -0.33333333333333331, 0, -0, -0.33333333333333331, 0.33333333333333331 }
			},
			{{0.33333333333333331, 0.33333333333333331, 0, -0, -0.33333333333333331, 0.33333333333333331 },
			{0.33333333333333331, 1, -0.66666666666666663, -0.33333333333333331, 0, 0.66666666666666663 },
			{0, -0.66666666666666663, 0.66666666666666663, 0.33333333333333331, -0.33333333333333331, -0.33333333333333331 },
			{-0, -0.33333333333333331, 0.33333333333333331, 0.33333333333333331, -0.33333333333333331, 0 },
			{-0.33333333333333331, 0, -0.33333333333333331, -0.33333333333333331, 0.66666666666666663, -0.33333333333333331 },
			{0.33333333333333331, 0.66666666666666663, -0.33333333333333331, 0, -0.33333333333333331, 0.66666666666666663 }
			},
			{{0.33333333333333331, -0, 0.33333333333333331, -0, -0.33333333333333331, 0 },
			{-0, 0.33333333333333331, -0.33333333333333331, 0, 0, -0.33333333333333331 },
			{0.33333333333333331, -0.33333333333333331, 0.66666666666666663, 0, -0.33333333333333331, 0.33333333333333331 },
			{-0, 0, 0, 0.33333333333333331, -0.33333333333333331, -0.33333333333333331 },
			{-0.33333333333333331, 0, -0.33333333333333331, -0.33333333333333331, 0.66666666666666663, 0.33333333333333331 },
			{0, -0.33333333333333331, 0.33333333333333331, -0.33333333333333331, 0.33333333333333331, 0.66666666666666663 }
			},
			{{0.33333333333333331, -0, -0.33333333333333331, -0, -0.33333333333333331, -0 },
			{-0, 0.33333333333333331, 0.33333333333333331, 0, 0, -0.33333333333333331 },
			{-0.33333333333333331, 0.33333333333333331, 0.66666666666666663, -0, 0.33333333333333331, -0.33333333333333331 },
			{-0, 0, -0, 0.33333333333333331, -0.33333333333333331, -0.33333333333333331 },
			{-0.33333333333333331, 0, 0.33333333333333331, -0.33333333333333331, 0.66666666666666663, 0.33333333333333331 },
			{-0, -0.33333333333333331, -0.33333333333333331, -0.33333333333333331, 0.33333333333333331, 0.66666666666666663 }
			}
			};

		double _BK[6][4][6] =
			{
			{{0.25, -0.25, 0.16666666666666666, 0, -0.083333333333333329, -0.083333333333333329 },
			{-0.25, 0.083333333333333329, -0, -0.16666666666666666, 0.25, 0.083333333333333329 },
			{-0.083333333333333329, 0.16666666666666666, -0.083333333333333329, 0.083333333333333329, -0, 0.083333333333333329 },
			{0.083333333333333329, 0, -0.083333333333333329, 0.083333333333333329, -0.16666666666666666, -0.083333333333333329 }
			},
			{{-0.33333333333333331, -0.083333333333333329, 0.25, -0.25, -0.083333333333333329, 0.16666666666666666 },
			{0.41666666666666663, 0, -0.25, 0.41666666666666663, 0.16666666666666666, -0.25 },
			{-0.25, 0.083333333333333329, 0.16666666666666666, -0.33333333333333331, -0.083333333333333329, 0.25 },
			{0.16666666666666666, 0, -0.16666666666666666, 0.16666666666666666, -0, -0.16666666666666666 }
			},
			{{-0.25, -0.16666666666666666, 0.25, 0.083333333333333329, -0, 0.083333333333333329 },
			{0.25, 0, -0.083333333333333329, -0.25, 0.16666666666666666, -0.083333333333333329 },
			{-0.083333333333333329, 0.083333333333333329, -0, 0.16666666666666666, -0.083333333333333329, 0.083333333333333329 },
			{0.083333333333333329, 0.083333333333333329, -0.16666666666666666, 0, -0.083333333333333329, -0.083333333333333329 }
			},
			{{-0.25, 0.083333333333333329, 0.33333333333333331, -0.16666666666666666, 0.083333333333333329, 0.25 },
			{0.16666666666666666, -0, -0.16666666666666666, 0.16666666666666666, -0, -0.16666666666666666 },
			{-0.16666666666666666, -0.083333333333333329, 0.25, -0.25, 0.083333333333333329, 0.33333333333333331 },
			{0.25, -0, -0.41666666666666663, 0.25, -0.16666666666666666, -0.41666666666666663 }
			},
			{{0.083333333333333329, -0.083333333333333329, -0.16666666666666666, 0, -0.083333333333333329, 0.083333333333333329 },
			{-0.083333333333333329, 0, -0.083333333333333329, -0.083333333333333329, -0.16666666666666666, 0.083333333333333329 },
			{-0, 0.083333333333333329, -0.083333333333333329, 0.083333333333333329, -0.083333333333333329, 0.16666666666666666 },
			{-0, 0, 0.33333333333333331, 0, 0.33333333333333331, -0.33333333333333331 }
			},
			{{0.083333333333333329, -0.083333333333333329, 0.16666666666666666, 0, -0.083333333333333329, 0.083333333333333329 },
			{-0.083333333333333329, 0, 0.083333333333333329, -0.083333333333333329, -0.16666666666666666, 0.083333333333333329 },
			{-0, 0.083333333333333329, 0.083333333333333329, 0.083333333333333329, -0.083333333333333329, 0.16666666666666666 },
			{-0, 0, -0.33333333333333331, 0, 0.33333333333333331, -0.33333333333333331 }
			}
			};

		double _MK[6][6][6] = 
			{
			{{0.16666666666666666, -0.066666666666666666, 0.016666666666666666, 0.016666666666666666, -0.066666666666666666, -0.033333333333333333 },
			{-0.066666666666666666, 0.13333333333333333, -0.049999999999999996, 0, 0.016666666666666666, 0.033333333333333333 },
			{0.016666666666666666, -0.049999999999999996, 0.099999999999999992, -0.016666666666666666, -0, -0.016666666666666666 },
			{0.016666666666666666, 0, -0.016666666666666666, 0.099999999999999992, -0.049999999999999996, -0.016666666666666666 },
			{-0.066666666666666666, 0.016666666666666666, -0, -0.049999999999999996, 0.13333333333333333, 0.033333333333333333 },
			{-0.033333333333333333, 0.033333333333333333, -0.016666666666666666, -0.016666666666666666, 0.033333333333333333, 0.066666666666666666 }
			},
			{{0.23333333333333331, -0.016666666666666666, -0.11666666666666665, 0.14999999999999999, 0.033333333333333333, -0.083333333333333329 },
			{-0.016666666666666666, 0.099999999999999992, -0, 0.016666666666666666, 0, -0 },
			{-0.11666666666666665, -0, 0.13333333333333333, -0.083333333333333329, -0.049999999999999996, 0.083333333333333329 },
			{0.14999999999999999, 0.016666666666666666, -0.083333333333333329, 0.23333333333333331, 0.033333333333333333, -0.11666666666666665 },
			{0.033333333333333333, 0, -0.049999999999999996, 0.033333333333333333, 0.099999999999999992, -0.049999999999999996 },
			{-0.083333333333333329, -0, 0.083333333333333329, -0.11666666666666665, -0.049999999999999996, 0.13333333333333333 }
			},
			{{0.16666666666666666, 0.016666666666666666, -0.066666666666666666, -0.066666666666666666, 0.016666666666666666, -0.033333333333333333 },
			{0.016666666666666666, 0.099999999999999992, -0.049999999999999996, 0, -0.016666666666666666, -0.016666666666666666 },
			{-0.066666666666666666, -0.049999999999999996, 0.13333333333333333, 0.016666666666666666, -0, 0.033333333333333333 },
			{-0.066666666666666666, 0, 0.016666666666666666, 0.13333333333333333, -0.049999999999999996, 0.033333333333333333 },
			{0.016666666666666666, -0.016666666666666666, -0, -0.049999999999999996, 0.099999999999999992, -0.016666666666666666 },
			{-0.033333333333333333, -0.016666666666666666, 0.033333333333333333, 0.033333333333333333, -0.016666666666666666, 0.066666666666666666 }
			},
			{{0.13333333333333333, -0, -0.11666666666666665, 0.083333333333333329, -0.049999999999999996, -0.083333333333333329 },
			{-0, 0.099999999999999992, -0.016666666666666666, 0, -0, 0.016666666666666666 },
			{-0.11666666666666665, -0.016666666666666666, 0.23333333333333331, -0.083333333333333329, 0.033333333333333333, 0.14999999999999999 },
			{0.083333333333333329, 0, -0.083333333333333329, 0.13333333333333333, -0.049999999999999996, -0.11666666666666665 },
			{-0.049999999999999996, -0, 0.033333333333333333, -0.049999999999999996, 0.099999999999999992, 0.033333333333333333 },
			{-0.083333333333333329, 0.016666666666666666, 0.14999999999999999, -0.11666666666666665, 0.033333333333333333, 0.23333333333333331 }
			},
			{{0.066666666666666666, -0.016666666666666666, -0, 0.016666666666666666, 0, 0 },
			{-0.016666666666666666, 0.066666666666666666, 0, 0.016666666666666666, -0, -0 },
			{-0, 0, 0.16666666666666666, 0, 0.083333333333333329, -0.083333333333333329 },
			{0.016666666666666666, 0.016666666666666666, 0, 0.066666666666666666, -0, -0 },
			{0, -0, 0.083333333333333329, -0, 0.16666666666666666, -0.083333333333333329 },
			{0, -0, -0.083333333333333329, -0, -0.083333333333333329, 0.16666666666666666 }
			},
			{{0.066666666666666666, -0.016666666666666666, 0, 0.016666666666666666, 0, 0 },
			{-0.016666666666666666, 0.066666666666666666, -0, 0.016666666666666666, -0, -0 },
			{0, -0, 0.16666666666666666, -0, -0.083333333333333329, 0.083333333333333329 },
			{0.016666666666666666, 0.016666666666666666, -0, 0.066666666666666666, -0, -0 },
			{0, -0, -0.083333333333333329, -0, 0.16666666666666666, -0.083333333333333329 },
			{0, -0, 0.083333333333333329, -0, -0.083333333333333329, 0.16666666666666666 }
			}
			};

		double _LK[6][4][4] =
			{
			{{0.66666666666666663, -0.33333333333333331, -0.33333333333333331, 0 },
			{-0.33333333333333331, 0.66666666666666663, 0, -0.33333333333333331 },
			{-0.33333333333333331, 0, 0.33333333333333331, 0 },
			{0, -0.33333333333333331, 0, 0.33333333333333331 }
			},
			{{0.66666666666666663, -0.66666666666666663, 0.33333333333333331, -0.33333333333333331 },
			{-0.66666666666666663, 1, -0.66666666666666663, 0.33333333333333331 },
			{0.33333333333333331, -0.66666666666666663, 0.66666666666666663, -0.33333333333333331 },
			{-0.33333333333333331, 0.33333333333333331, -0.33333333333333331, 0.33333333333333331 }
			},
			{{0.66666666666666663, -0.33333333333333331, 0, -0.33333333333333331 },
			{-0.33333333333333331, 0.66666666666666663, -0.33333333333333331, 0 },
			{0, -0.33333333333333331, 0.33333333333333331, 0 },
			{-0.33333333333333331, 0, 0, 0.33333333333333331 }
			},
			{{0.66666666666666663, -0.33333333333333331, 0.33333333333333331, -0.66666666666666663 },
			{-0.33333333333333331, 0.33333333333333331, -0.33333333333333331, 0.33333333333333331 },
			{0.33333333333333331, -0.33333333333333331, 0.66666666666666663, -0.66666666666666663 },
			{-0.66666666666666663, 0.33333333333333331, -0.66666666666666663, 1 }
			},
			{{0.33333333333333331, 0, 0, -0.33333333333333331 },
			{0, 0.33333333333333331, 0, -0.33333333333333331 },
			{0, 0, 0.33333333333333331, -0.33333333333333331 },
			{-0.33333333333333331, -0.33333333333333331, -0.33333333333333331, 1 }
			},
			{{0.33333333333333331, 0, 0, -0.33333333333333331 },
			{0, 0.33333333333333331, 0, -0.33333333333333331 },
			{0, 0, 0.33333333333333331, -0.33333333333333331 },
			{-0.33333333333333331, -0.33333333333333331, -0.33333333333333331, 1 }
			}
			};
		double _N[6][1][6][3] =
			{
			{{{-0.125, 0.25, -0.125},
			{0, -0.125, 0.25},
			{0.125, 0.125, -0.125},
			{-0.125, 0.125, 0.125},
			{0.25, -0.125, -0},
			{0.125, -0, 0.125}
			}
			},
			{{{0.125, -0.25, 0.25},
			{-0.125, 0, 0.125},
			{-0, 0.25, -0.125},
			{0.25, -0.25, 0.125},
			{0.125, -0, 0.125},
			{-0.125, 0.25, -0}
			}
			},
			{{{-0.125, 0.25, -0.125},
			{0.125, 0.125, -0.125},
			{-0, -0.125, 0.25},
			{0.25, -0.125, 0},
			{-0.125, 0.125, 0.125},
			{0.125, -0, 0.125}
			}
			},
			{{{0, 0.25, -0.125},
			{-0.125, -0, 0.125},
			{0.125, -0.25, 0.25},
			{-0.125, 0.25, -0},
			{0.125, -0, 0.125},
			{0.25, -0.25, 0.125}
			}
			},
			{{{-0.125, -0, 0.125},
			{0.125, 0.125, 0},
			{0.25, -0.125, 0.125},
			{0, 0.125, 0.125},
			{0.125, -0.125, 0.25},
			{-0.125, 0.25, -0.125}
			}
			},
			{{{0.125, 0.125, -0},
			{-0.125, 0, 0.125},
			{0.25, -0.125, 0.125},
			{0, 0.125, 0.125},
			{-0.125, 0.25, -0.125},
			{0.125, -0.125, 0.25}
			}
			}
			};

/*		double _N[6][5][6][3] =
			{
			{{{-0.125, 0.25, -0.125},
			{0, -0.125, 0.25},
			{0.125, 0.125, -0.125},
			{-0.125, 0.125, 0.125},
			{0.25, -0.125, -0},
			{0.125, -0, 0.125}
			},
			{{-0.08333333333333337, 0.33333333333333337, -0.25},
			{0, -0.083333333333333315, 0.16666666666666669},
			{0.08333333333333337, 0.083333333333333315, -0.083333333333333315},
			{-0.083333333333333315, 0.083333333333333315, 0.25},
			{0.33333333333333331, -0.083333333333333315, -0},
			{0.083333333333333315, -0, 0.083333333333333315}
			},
			{{-0.25, 0.33333333333333337, -0.083333333333333343},
			{0, -0.083333333333333315, 0.33333333333333337},
			{0.25, 0.083333333333333315, -0.083333333333333315},
			{-0.083333333333333315, 0.083333333333333315, 0.083333333333333343},
			{0.16666666666666666, -0.083333333333333315, -0},
			{0.083333333333333315, -0, 0.083333333333333315}
			},
			{{-0.08333333333333337, 0.16666666666666669, -0.083333333333333315},
			{0, -0.083333333333333315, 0.16666666666666669},
			{0.08333333333333337, 0.25, -0.25},
			{-0.083333333333333315, 0.083333333333333315, 0.083333333333333315},
			{0.33333333333333331, -0.25, -0},
			{0.083333333333333315, -0, 0.25}
			},
			{{-0.083333333333333343, 0.16666666666666669, -0.083333333333333343},
			{0, -0.25, 0.33333333333333337},
			{0.083333333333333343, 0.083333333333333315, -0.083333333333333315},
			{-0.25, 0.25, 0.083333333333333343},
			{0.16666666666666666, -0.083333333333333315, -0},
			{0.25, -0, 0.083333333333333315}
			}
			},
			{{{0.125, -0.25, 0.25},
			{-0.125, 0, 0.125},
			{-0, 0.25, -0.125},
			{0.25, -0.25, 0.125},
			{0.125, -0, 0.125},
			{-0.125, 0.25, -0}
			},
			{{0.08333333333333337, -0.33333333333333331, 0.33333333333333331},
			{-0.08333333333333337, 2.7755575615628914e-017, 0.083333333333333343},
			{-0, 0.16666666666666669, -0.083333333333333315},
			{0.33333333333333331, -0.33333333333333337, 0.083333333333333343},
			{0.083333333333333315, 0.16666666666666669, 0.083333333333333315},
			{-0.083333333333333315, 0.16666666666666666, -0}
			},
			{{0.25, -0.33333333333333337, 0.33333333333333331},
			{-0.25, 0.16666666666666669, 0.083333333333333343},
			{-0, 0.33333333333333337, -0.083333333333333315},
			{0.16666666666666666, -0.16666666666666666, 0.083333333333333343},
			{0.083333333333333315, -0, 0.083333333333333315},
			{-0.083333333333333315, 0.16666666666666666, -0}
			},
			{{0.083333333333333343, -0.16666666666666671, 0.16666666666666669},
			{-0.083333333333333343, 2.7755575615628914e-017, 0.083333333333333315},
			{-0, 0.33333333333333337, -0.25},
			{0.16666666666666666, -0.16666666666666666, 0.083333333333333315},
			{0.25, -0.16666666666666666, 0.25},
			{-0.25, 0.33333333333333331, -0}
			},
			{{0.08333333333333337, -0.16666666666666669, 0.16666666666666669},
			{-0.08333333333333337, -0.16666666666666663, 0.25},
			{-0, 0.16666666666666669, -0.083333333333333315},
			{0.33333333333333331, -0.33333333333333331, 0.25},
			{0.083333333333333315, -0, 0.083333333333333315},
			{-0.083333333333333315, 0.33333333333333331, -0}
			}
			},
			{{{-0.125, 0.25, -0.125},
			{0.125, 0.125, -0.125},
			{-0, -0.125, 0.25},
			{0.25, -0.125, 0},
			{-0.125, 0.125, 0.125},
			{0.125, -0, 0.125}
			},
			{{-0.08333333333333337, 0.33333333333333337, -0.25},
			{0.08333333333333337, 0.083333333333333315, -0.083333333333333315},
			{-0, -0.083333333333333315, 0.16666666666666669},
			{0.33333333333333331, -0.083333333333333315, 0},
			{-0.083333333333333315, 0.083333333333333315, 0.25},
			{0.083333333333333315, -0, 0.083333333333333315}
			},
			{{-0.25, 0.33333333333333337, -0.083333333333333343},
			{0.25, 0.083333333333333315, -0.083333333333333315},
			{-0, -0.083333333333333315, 0.33333333333333337},
			{0.16666666666666666, -0.083333333333333315, 0},
			{-0.083333333333333315, 0.083333333333333315, 0.083333333333333343},
			{0.083333333333333315, -0, 0.083333333333333315}
			},
			{{-0.083333333333333343, 0.16666666666666669, -0.083333333333333343},
			{0.083333333333333343, 0.083333333333333315, -0.083333333333333315},
			{-0, -0.25, 0.33333333333333337},
			{0.16666666666666666, -0.083333333333333315, 0},
			{-0.25, 0.25, 0.083333333333333343},
			{0.25, -0, 0.083333333333333315}
			},
			{{-0.08333333333333337, 0.16666666666666669, -0.083333333333333315},
			{0.08333333333333337, 0.25, -0.25},
			{-0, -0.083333333333333315, 0.16666666666666669},
			{0.33333333333333331, -0.25, 0},
			{-0.083333333333333315, 0.083333333333333315, 0.083333333333333315},
			{0.083333333333333315, -0, 0.25}
			}
			},
			{{{0, 0.25, -0.125},
			{-0.125, -0, 0.125},
			{0.125, -0.25, 0.25},
			{-0.125, 0.25, -0},
			{0.125, -0, 0.125},
			{0.25, -0.25, 0.125}
			},
			{{0, 0.33333333333333337, -0.25},
			{-0.083333333333333343, 2.7755575615628914e-017, 0.083333333333333315},
			{0.083333333333333343, -0.16666666666666671, 0.16666666666666669},
			{-0.25, 0.33333333333333331, -0},
			{0.25, -0.16666666666666666, 0.25},
			{0.16666666666666666, -0.16666666666666666, 0.083333333333333315}
			},
			{{0, 0.33333333333333337, -0.083333333333333315},
			{-0.25, 0.16666666666666669, 0.083333333333333343},
			{0.25, -0.33333333333333337, 0.33333333333333331},
			{-0.083333333333333315, 0.16666666666666666, -0},
			{0.083333333333333315, -0, 0.083333333333333315},
			{0.16666666666666666, -0.16666666666666666, 0.083333333333333343}
			},
			{{0, 0.16666666666666669, -0.083333333333333315},
			{-0.08333333333333337, 2.7755575615628914e-017, 0.083333333333333343},
			{0.08333333333333337, -0.33333333333333331, 0.33333333333333331},
			{-0.083333333333333315, 0.16666666666666666, -0},
			{0.083333333333333315, 0.16666666666666666, 0.083333333333333315},
			{0.33333333333333331, -0.33333333333333331, 0.083333333333333343}
			},
			{{0, 0.16666666666666669, -0.083333333333333315},
			{-0.08333333333333337, -0.16666666666666663, 0.25},
			{0.08333333333333337, -0.16666666666666669, 0.16666666666666669},
			{-0.083333333333333315, 0.33333333333333331, -0},
			{0.083333333333333315, -0, 0.083333333333333315},
			{0.33333333333333331, -0.33333333333333331, 0.25}
			}
			},
			{{{-0.125, -0, 0.125},
			{0.125, 0.125, 0},
			{0.25, -0.125, 0.125},
			{0, 0.125, 0.125},
			{0.125, -0.125, 0.25},
			{-0.125, 0.25, -0.125}
			},
			{{-0.25, -0, 0.08333333333333337},
			{0.083333333333333315, 0.08333333333333337, 0},
			{0.16666666666666669, -0.08333333333333337, 0.08333333333333337},
			{0, 0.25, 0.083333333333333315},
			{0.25, -0.25, 0.33333333333333331},
			{-0.083333333333333315, 0.16666666666666663, -0.083333333333333315}
			},
			{{-0.083333333333333315, -0, 0.25},
			{0.083333333333333315, 0.25, 0},
			{0.33333333333333337, -0.25, 0.25},
			{0, 0.083333333333333315, 0.083333333333333315},
			{0.083333333333333315, -0.083333333333333315, 0.16666666666666669},
			{-0.083333333333333315, 0.16666666666666669, -0.083333333333333315}
			},
			{{-0.083333333333333315, -0, 0.08333333333333337},
			{0.083333333333333315, 0.08333333333333337, 0},
			{0.33333333333333337, -0.08333333333333337, 0.08333333333333337},
			{0, 0.083333333333333315, 0.083333333333333315},
			{0.083333333333333315, -0.083333333333333315, 0.33333333333333331},
			{-0.083333333333333315, 0.33333333333333331, -0.083333333333333315}
			},
			{{-0.083333333333333315, -0, 0.08333333333333337},
			{0.25, 0.08333333333333337, 0},
			{0.16666666666666669, -0.08333333333333337, 0.08333333333333337},
			{0, 0.083333333333333315, 0.25},
			{0.083333333333333315, -0.083333333333333315, 0.16666666666666663},
			{-0.25, 0.33333333333333331, -0.25}
			}
			},
			{{{0.125, 0.125, -0},
			{-0.125, 0, 0.125},
			{0.25, -0.125, 0.125},
			{0, 0.125, 0.125},
			{-0.125, 0.25, -0.125},
			{0.125, -0.125, 0.25}
			},
			{{0.25, 0.08333333333333337, -0},
			{-0.083333333333333315, 0, 0.08333333333333337},
			{0.16666666666666669, -0.08333333333333337, 0.08333333333333337},
			{0, 0.083333333333333315, 0.25},
			{-0.25, 0.33333333333333331, -0.25},
			{0.083333333333333315, -0.083333333333333315, 0.16666666666666663}
			},
			{{0.083333333333333315, 0.25, -0},
			{-0.083333333333333315, 0, 0.25},
			{0.33333333333333337, -0.25, 0.25},
			{0, 0.083333333333333315, 0.083333333333333315},
			{-0.083333333333333315, 0.16666666666666669, -0.083333333333333315},
			{0.083333333333333315, -0.083333333333333315, 0.16666666666666669}
			},
			{{0.083333333333333315, 0.08333333333333337, -0},
			{-0.083333333333333315, 0, 0.08333333333333337},
			{0.33333333333333337, -0.08333333333333337, 0.08333333333333337},
			{0, 0.083333333333333315, 0.083333333333333315},
			{-0.083333333333333315, 0.33333333333333331, -0.083333333333333315},
			{0.083333333333333315, -0.083333333333333315, 0.33333333333333331}
			},
			{{0.083333333333333315, 0.08333333333333337, -0},
			{-0.25, 0, 0.08333333333333337},
			{0.16666666666666669, -0.08333333333333337, 0.08333333333333337},
			{0, 0.25, 0.083333333333333315},
			{-0.083333333333333315, 0.16666666666666663, -0.083333333333333315},
			{0.25, -0.25, 0.33333333333333331}
			}
			}
			};
*/

		double _QK[6][4][4] = 
			{
			{{0.13333333333333333, 0.066666666666666666, 0.066666666666666666, 0.066666666666666666 },
			{0.066666666666666666, 0.13333333333333333, 0.066666666666666666, 0.066666666666666666 },
			{0.066666666666666666, 0.066666666666666666, 0.13333333333333333, 0.066666666666666666 },
			{0.066666666666666666, 0.066666666666666666, 0.066666666666666666, 0.13333333333333333 }
			},
			{{0.13333333333333333, 0.066666666666666666, 0.066666666666666666, 0.066666666666666666 },
			{0.066666666666666666, 0.13333333333333333, 0.066666666666666666, 0.066666666666666666 },
			{0.066666666666666666, 0.066666666666666666, 0.13333333333333333, 0.066666666666666666 },
			{0.066666666666666666, 0.066666666666666666, 0.066666666666666666, 0.13333333333333333 }
			},
			{{0.13333333333333333, 0.066666666666666666, 0.066666666666666666, 0.066666666666666666 },
			{0.066666666666666666, 0.13333333333333333, 0.066666666666666666, 0.066666666666666666 },
			{0.066666666666666666, 0.066666666666666666, 0.13333333333333333, 0.066666666666666666 },
			{0.066666666666666666, 0.066666666666666666, 0.066666666666666666, 0.13333333333333333 }
			},
			{{0.13333333333333333, 0.066666666666666666, 0.066666666666666666, 0.066666666666666666 },
			{0.066666666666666666, 0.13333333333333333, 0.066666666666666666, 0.066666666666666666 },
			{0.066666666666666666, 0.066666666666666666, 0.13333333333333333, 0.066666666666666666 },
			{0.066666666666666666, 0.066666666666666666, 0.066666666666666666, 0.13333333333333333 }
			},
			{{0.13333333333333333, 0.066666666666666666, 0.066666666666666666, 0.066666666666666666 },
			{0.066666666666666666, 0.13333333333333333, 0.066666666666666666, 0.066666666666666666 },
			{0.066666666666666666, 0.066666666666666666, 0.13333333333333333, 0.066666666666666666 },
			{0.066666666666666666, 0.066666666666666666, 0.066666666666666666, 0.13333333333333333 }
			},
			{{0.13333333333333333, 0.066666666666666666, 0.066666666666666666, 0.066666666666666666 },
			{0.066666666666666666, 0.13333333333333333, 0.066666666666666666, 0.066666666666666666 },
			{0.066666666666666666, 0.066666666666666666, 0.13333333333333333, 0.066666666666666666 },
			{0.066666666666666666, 0.066666666666666666, 0.066666666666666666, 0.13333333333333333 }
			}
			};


		for (int i=0; i<6; i++)
			for (int j=0; j<6; j++)
				for (int k=0; k<6; k++) {
					AK[i][j][k] = _AK[i][j][k];
					MK[i][j][k] = _MK[i][j][k];
				}
		for (int i=0; i<6; i++)
			for (int j=0; j<4; j++)
				for (int k=0; k<6; k++) {
					BK[i][j][k] = _BK[i][j][k];
				}

		for (int i=0; i<6; i++)
			for (int j=0; j<4; j++)
				for (int k=0; k<4; k++) {
					LK[i][j][k] = _LK[i][j][k];
				}

		for (int i=0; i<6; i++)
			for (int j=0; j<1; j++)
				for (int k=0; k<6; k++) 
					for (int l=0; l<3; l++) {
						N[i][j][k][l] = _N[i][j][k][l];
					}

		for (int i=0; i<6; i++)
			for (int j=0; j<4; j++)
				for (int k=0; k<4; k++) {
					QK[i][j][k] = _QK[i][j][k];
				}

	}
	//void load() 
	//{
	//	fstream file;
	//	int cnt;

	//	file.open ("stencil.txt", fstream::in);
	//	
	//	file>>nel; //read how many elements the stencil has
	//	file>>lw; //read the number of integration points for the shape function N

	//	for (int n=0; n<nel; n++) {
	//		file >> cnt;
	//		
	//		//read AK[6][6][6]
	//		for (int i=0; i<6; i++)
	//			for (int j=0; j<6; j++) 
	//				file>>AK[n][i][j];

	//		//read BK[6][4][6]
	//		for (int i=0; i<4; i++)
	//			for (int j=0; j<6; j++) 
	//				file>>BK[n][i][j];

	//		//read MK[6][6][6]
	//		for (int i=0; i<6; i++)
	//			for (int j=0; j<6; j++) 
	//				file>>MK[n][i][j];

	//		//read LK[6][4][4]
	//		for (int i=0; i<4; i++)
	//			for (int j=0; j<4; j++) 
	//				file>>LK[n][i][j];

	//		//read N[6][5][6][3]
	//		for (int k=0; k<lw; k++)
	//			for (int i=0; i<6; i++)
	//				for (int j=0; j<3; j++) 
	//					file>>N[n][k][i][j];
	//	}

	//	file.close();
	//}
};

